0.000383 92 1000000 8 0.005000 0.000000 2 JABAS 
0.000416 92 1000000 8 0.005000 0.000000 4 JABAS 
0.002472 92 1000000 8 0.005000 0.000000 8 JABAS 
0.003301 92 1000000 8 0.005000 0.000000 12 JABAS 
0.033940 92 1000000 8 0.005000 0.000000 16 JABAS 
0.097593 92 1000000 8 0.005000 0.000000 20 JABAS 
0.075090 92 1000000 8 0.005000 0.000000 24 JABAS 
0.000621 135 1000000 10 0.005000 0.000000 2 JABAS 
0.000649 135 1000000 10 0.005000 0.000000 4 JABAS 
0.003079 135 1000000 10 0.005000 0.000000 8 JABAS 
0.003083 135 1000000 10 0.005000 0.000000 12 JABAS 
0.025310 135 1000000 10 0.005000 0.000000 16 JABAS 
0.038981 135 1000000 10 0.005000 0.000000 20 JABAS 
0.006632 135 1000000 10 0.005000 0.000000 24 JABAS 
0.001048 187 1000000 12 0.005000 0.000000 2 JABAS 
0.000901 187 1000000 12 0.005000 0.000000 4 JABAS 
0.002286 187 1000000 12 0.005000 0.000000 8 JABAS 
0.003832 187 1000000 12 0.005000 0.000000 12 JABAS 
0.014722 187 1000000 12 0.005000 0.000000 16 JABAS 
0.070484 187 1000000 12 0.005000 0.000000 20 JABAS 
0.033445 187 1000000 12 0.005000 0.000000 24 JABAS 
0.002218 279 1000000 15 0.005000 0.000000 2 JABAS 
0.001624 279 1000000 15 0.005000 0.000000 4 JABAS 
0.003648 279 1000000 15 0.005000 0.000000 8 JABAS 
0.005138 279 1000000 15 0.005000 0.000000 12 JABAS 
0.035085 279 1000000 15 0.005000 0.000000 16 JABAS 
0.007101 279 1000000 15 0.005000 0.000000 20 JABAS 
0.017742 279 1000000 15 0.005000 0.000000 24 JABAS 
0.006394 468 1000000 20 0.005000 0.000000 2 JABAS 
0.004102 468 1000000 20 0.005000 0.000000 4 JABAS 
0.003490 468 1000000 20 0.005000 0.000000 8 JABAS 
0.005738 468 1000000 20 0.005000 0.000000 12 JABAS 
0.059291 468 1000000 20 0.005000 0.000000 16 JABAS 
0.031632 468 1000000 20 0.005000 0.000000 20 JABAS 
0.017418 468 1000000 20 0.005000 0.000000 24 JABAS 
0.017748 704 1000000 25 0.005000 0.000000 2 JABAS 
0.010707 704 1000000 25 0.005000 0.000000 4 JABAS 
0.007711 704 1000000 25 0.005000 0.000000 8 JABAS 
0.016805 704 1000000 25 0.005000 0.000000 12 JABAS 
0.037438 704 1000000 25 0.005000 0.000000 16 JABAS 
0.017826 704 1000000 25 0.005000 0.000000 20 JABAS 
0.050157 704 1000000 25 0.005000 0.000000 24 JABAS 
0.040569 982 1000000 30 0.005000 0.000000 2 JABAS 
0.023075 982 1000000 30 0.005000 0.000000 4 JABAS 
0.015558 982 1000000 30 0.005000 0.000000 8 JABAS 
0.017966 982 1000000 30 0.005000 0.000000 12 JABAS 
0.063413 982 1000000 30 0.005000 0.000000 16 JABAS 
0.051414 982 1000000 30 0.005000 0.000000 20 JABAS 
0.067687 982 1000000 30 0.005000 0.000000 24 JABAS 
0.156828 1672 1000000 40 0.005000 0.000000 2 JABAS 
0.081417 1672 1000000 40 0.005000 0.000000 4 JABAS 
0.046489 1672 1000000 40 0.005000 0.000000 8 JABAS 
0.039155 1672 1000000 40 0.005000 0.000000 12 JABAS 
0.052365 1672 1000000 40 0.005000 0.000000 16 JABAS 
0.060427 1672 1000000 40 0.005000 0.000000 20 JABAS 
0.082343 1672 1000000 40 0.005000 0.000000 24 JABAS 
0.436850 2529 1000000 50 0.005000 0.000000 2 JABAS 
0.233410 2529 1000000 50 0.005000 0.000000 4 JABAS 
0.130962 2529 1000000 50 0.005000 0.000000 8 JABAS 
0.106809 2529 1000000 50 0.005000 0.000000 12 JABAS 
0.196372 2529 1000000 50 0.005000 0.000000 16 JABAS 
0.144725 2529 1000000 50 0.005000 0.000000 20 JABAS 
0.183683 2529 1000000 50 0.005000 0.000000 24 JABAS 
2.994850 5387 1000000 75 0.005000 0.000000 2 JABAS 
1.512513 5387 1000000 75 0.005000 0.000000 4 JABAS 
0.832651 5387 1000000 75 0.005000 0.000000 8 JABAS 
0.593041 5387 1000000 75 0.005000 0.000000 12 JABAS 
0.563681 5387 1000000 75 0.005000 0.000000 16 JABAS 
0.637784 5387 1000000 75 0.005000 0.000000 20 JABAS 
0.778239 5387 1000000 75 0.005000 0.000000 24 JABAS 
12.614943 9218 1000000 100 0.005000 0.000000 2 JABAS 
6.332435 9218 1000000 100 0.005000 0.000000 4 JABAS 
3.345772 9218 1000000 100 0.005000 0.000000 8 JABAS 
2.392408 9218 1000000 100 0.005000 0.000000 12 JABAS 
2.064805 9218 1000000 100 0.005000 0.000000 16 JABAS 
1.985398 9218 1000000 100 0.005000 0.000000 20 JABAS 
1.678756 9218 1000000 100 0.005000 0.000000 24 JABAS 
20.026943 11014 1000000 110 0.005000 0.000000 2 JABAS 
10.257308 11014 1000000 110 0.005000 0.000000 4 JABAS 
5.219980 11014 1000000 110 0.005000 0.000000 8 JABAS 
3.822553 11014 1000000 110 0.005000 0.000000 12 JABAS 
3.049575 11014 1000000 110 0.005000 0.000000 16 JABAS 
2.916445 11014 1000000 110 0.005000 0.000000 20 JABAS 
2.499056 11014 1000000 110 0.005000 0.000000 24 JABAS 
30.625498 12961 1000000 120 0.005000 0.000000 2 JABAS 
15.359738 12961 1000000 120 0.005000 0.000000 4 JABAS 
7.870138 12961 1000000 120 0.005000 0.000000 8 JABAS 
5.475321 12961 1000000 120 0.005000 0.000000 12 JABAS 
4.581886 12961 1000000 120 0.005000 0.000000 16 JABAS 
4.436856 12961 1000000 120 0.005000 0.000000 20 JABAS 
4.248643 12961 1000000 120 0.005000 0.000000 24 JABAS 
51.334247 16159 1000000 135 0.005000 0.000000 2 JABAS 
25.745021 16159 1000000 135 0.005000 0.000000 4 JABAS 
13.285997 16159 1000000 135 0.005000 0.000000 8 JABAS 
9.867011 16159 1000000 135 0.005000 0.000000 12 JABAS 
8.476891 16159 1000000 135 0.005000 0.000000 16 JABAS 
6.605685 16159 1000000 135 0.005000 0.000000 20 JABAS 
7.245903 16159 1000000 135 0.005000 0.000000 24 JABAS 
96.399269 19673 1000000 150 0.005000 0.000000 2 JABAS 
49.980529 19673 1000000 150 0.005000 0.000000 4 JABAS 
27.387900 19673 1000000 150 0.005000 0.000000 8 JABAS 
21.048337 19673 1000000 150 0.005000 0.000000 12 JABAS 
20.377337 19673 1000000 150 0.005000 0.000000 16 JABAS 
17.728196 19673 1000000 150 0.005000 0.000000 20 JABAS 
20.114111 19673 1000000 150 0.005000 0.000000 24 JABAS 
